0.003
0.003
0.003
0.003
0.003
0.003
0.003
0.003
0.003
0.003
0.003
0.005
0.000
0.003
0.003
0.000
0.003
0.003
0.003
0.000
0.003
0.003
0.003
0.003
0.138
0.003
0.003
0.003
0.003
0.050
0.014
0.006
0.005
0.005
0.003
0.050
0.014
0.006
0.005
0.005
0.003
0.017
0.004
0.003
0.011
0.007
0.003
0.011
0.007
0.003
0.011
0.007
0.003
0.011
0.007
0.003
0.011
0.007
0.003
0.011
0.007
0.003
0.011
0.007
0.003
0.011
0.007
0.003
0.011
0.007
0.003
0.078
0.051
0.011
0.007
0.003
0.011
0.007
0.003
0.010
0.006
0.004
0.011
0.007
0.003
0.010
0.006
0.004
0.005
0.003
0.017
0.008
0.004
0.003
0.120
0.011
0.007
0.003
0.010
0.006
0.004
0.005
0.003
0.017
0.008
0.004
0.003
0.014
0.010
0.005
0.004
0.003
0.018
0.009
0.004
0.004
0.003
0.120
0.011
0.007
0.003
0.010
0.006
0.004
0.005
0.003
0.017
0.008
0.004
0.003
0.120
0.003
0.003
0.000
0.003
0.002
0.003
0.003
0.003
0.138
0.069
0.005
0.008
0.002
0.011
0.005
0.004
0.003
0.013
0.004
0.003
0.069
0.007
0.005
0.005
0.003
0.016
0.006
0.004
0.003
0.009
0.008
0.005
0.003
